196
229
226
247
238
237
234
224
32
253
242
224
32
240
251
230
224
255
33
13
10
197
229
32
230
229
32
237
229
237
224
226
232
230
243
32
255
33
13
10
206
237
224
32
230
229
32
242
224
234
32
227
235
243
239
224
33
13
10
206
228
237
243
32
229
229
32
237
229
32
226
232
230
243
32
255
44
13
10
194
241
229
227
228
224
32
231
224
32
237
229
233
32
151
32
242
238
235
239
224
33
13
10
211
228
232
226
235
255
254
241
252
32
247
224
241
242
238
32
255
44
13
10
206
237
224
32
230
229
32
237
229
32
227
235
224
231
224
241
242
224
255
44
13
10
205
229
32
227
235
224
231
224
44
32
224
32
249
229
235
238
247
234
232
44
13
10
205
224
32
227
238
235
238
226
229
32
151
32
231
224
234
238
235
238
247
234
232
44
13
10
205
229
32
231
237
224
229
242
32
245
240
238
237
238
235
238
227
232
232
133
13
10
196
229
226
247
238
237
234
232
32
237
224
248
232
32
236
237
238
227
232
229
13
10
202
243
235
252
242
243
240
237
229
233
32
232
32
239
240
229
234
240
224
241
237
229
229
133
13
10
205
238
32
226
228
240
243
227
32
241
234
224
231
224
235
232
32
226
32
234
235
224
241
241
229
13
10
236
237
229
58
13
10
211
32
200
226
224
237
238
226
238
233
32
151
32
227
240
232
239
239
133
13
10
223
32
239
238
237
255
235
44
32
247
242
238
32
255
32
226
235
232
239
33
13
10
196
229
226
247
238
237
234
224
32
253
242
224
32
240
251
230
224
255
44
13
10
207
240
232
228
232
32
241
234
238
240
229
229
32
226
32
234
235
224
241
241
44
13
10
210
229
225
255
32
237
229
32
237
229
237
224
226
232
230
243
32
255
44
13
10
205
224
238
225
238
240
238
242
32
234
224
234
32
240
224
231
33
13
10
